NAME = AISearchfile90,
SIZE = 90,
27, 46, 49, 32, 70, 9, 56, 13, 4, 49, 42, 79, 85, 13, 70, 42, 10, 4, 55, 85, 9, 97, 34, 87, 10, 80, 80, 47, 9, 91, 29, 39, 6, 7, 40, 93, 48, 14, 72, 78, 57, 56, 45, 84, 90, 73, 8, 20, 35, 46, 75, 72, 53, 9, 5, 54, 58, 61, 17, 78, 66, 76, 17, 75, 18, 45, 28, 56, 37, 50, 9, 65, 56, 68, 38, 98, 54, 82, 38, 67, 11, 50, 8, 51, 54, 9, 83, 53, 63,
84, 43, 72, 23, 88, 6, 63, 77, 34, 58, 60, 97, 67, 6, 41, 32, 17, 67, 3, 76, 20, 42, 88, 57, 76, 87, 30, 63, 84, 2, 70, 89, 81, 77, 99, 8, 57, 45, 35, 65, 45, 83, 76, 10, 24, 42, 39, 45, 92, 97, 31, 75, 11, 26, 13, 25, 39, 93, 18, 10, 28, 51, 15, 54, 86, 61, 82, 54, 82, 67, 25, 84, 36, 90, 56, 87, 92, 97, 73, 86, 99, 6, 65, 29, 32, 9, 92, 24,
11, 94, 92, 82, 37, 51, 94, 67, 86, 57, 47, 97, 72, 96, 78, 65, 39, 61, 44, 87, 71, 53, 27, 96, 76, 1, 21, 58, 58, 13, 44, 28, 75, 9, 18, 50, 99, 73, 26, 10, 42, 10, 86, 16, 55, 24, 53, 53, 89, 31, 74, 90, 47, 41, 59, 70, 10, 56, 41, 26, 100, 74, 55, 24, 41, 52, 37, 31, 24, 36, 45, 11, 85, 70, 60, 25, 72, 83, 18, 2, 40, 96, 61, 44, 13, 52, 42,
19, 8, 25, 6, 59, 91, 83, 60, 68, 41, 1, 34, 47, 8, 100, 85, 19, 57, 62, 74, 92, 88, 69, 3, 91, 25, 28, 77, 63, 11, 79, 45, 53, 52, 56, 61, 41, 90, 19, 36, 73, 83, 53, 67, 83, 57, 48, 98, 80, 79, 90, 93, 2, 30, 11, 60, 47, 33, 23, 37, 9, 75, 51, 16, 43, 13, 67, 41, 51, 81, 65, 76, 69, 53, 49, 72, 60, 14, 1, 62, 15, 35, 50, 24, 76, 82,
51, 43, 86, 100, 86, 32, 11, 80, 37, 87, 41, 30, 61, 99, 88, 86, 96, 82, 69, 19, 57, 97, 94, 67, 47, 36, 39, 3, 56, 81, 56, 89, 52, 28, 21, 9, 13, 25, 71, 29, 21, 64, 75, 38, 16, 81, 48, 3, 64, 76, 98, 4, 93, 42, 64, 87, 11, 16, 2, 58, 5, 18, 91, 89, 59, 43, 97, 36, 2, 34, 65, 98, 24, 86, 6, 6, 43, 43, 59, 53, 83, 22, 58, 47, 47,
63, 37, 72, 51, 79, 50, 99, 74, 62, 57, 45, 62, 13, 12, 79, 39, 48, 15, 17, 18, 38, 92, 54, 82, 34, 96, 97, 70, 12, 45, 19, 97, 60, 55, 17, 82, 5, 59, 81, 66, 50, 7, 80, 93, 34, 26, 5, 32, 37, 70, 50, 60, 18, 16, 63, 22, 19, 84, 10, 90, 7, 31, 11, 40, 49, 8, 100, 31, 28, 8, 40, 83, 46, 96, 39, 99, 30, 14, 56, 7, 93, 24, 29, 42,
88, 31, 6, 96, 45, 66, 87, 72, 58, 33, 65, 16, 55, 73, 38, 67, 76, 58, 94, 50, 3, 9, 84, 11, 84, 67, 50, 52, 70, 20, 12, 69, 2, 2, 80, 2, 95, 49, 91, 49, 30, 2, 51, 23, 34, 88, 75, 28, 77, 52, 84, 94, 76, 36, 1, 65, 56, 32, 30, 100, 47, 17, 58, 34, 22, 41, 38, 2, 89, 79, 12, 96, 57, 65, 5, 6, 56, 2, 70, 24, 39, 66, 98,
51, 37, 14, 55, 57, 94, 13, 77, 52, 9, 88, 4, 40, 4, 7, 16, 43, 61, 33, 26, 57, 22, 86, 99, 39, 59, 97, 98, 85, 74, 27, 93, 53, 54, 3, 79, 70, 48, 85, 77, 15, 45, 71, 96, 86, 34, 58, 94, 16, 26, 50, 31, 100, 16, 58, 10, 44, 46, 38, 44, 64, 35, 3, 26, 9, 22, 61, 71, 88, 8, 26, 73, 79, 9, 48, 46, 93, 43, 16, 42, 8, 76,
100, 68, 95, 48, 76, 32, 47, 28, 18, 74, 87, 57, 98, 6, 76, 80, 78, 58, 66, 88, 89, 60, 70, 43, 72, 63, 43, 48, 33, 34, 31, 56, 97, 40, 38, 25, 83, 98, 30, 6, 78, 14, 67, 16, 75, 76, 81, 14, 84, 21, 44, 10, 90, 14, 38, 8, 87, 46, 32, 1, 42, 14, 36, 65, 11, 28, 91, 54, 1, 17, 51, 33, 11, 34, 89, 53, 87, 45, 86, 31, 18,
50, 88, 85, 8, 30, 79, 20, 47, 86, 63, 22, 1, 99, 12, 38, 23, 49, 93, 61, 40, 81, 64, 45, 59, 14, 80, 89, 38, 51, 50, 44, 71, 93, 57, 62, 55, 39, 14, 31, 9, 37, 65, 57, 54, 80, 18, 23, 40, 70, 40, 100, 16, 53, 51, 31, 100, 97, 12, 31, 78, 70, 1, 11, 55, 19, 97, 48, 37, 49, 48, 42, 74, 39, 1, 17, 3, 7, 1, 33, 84,
94, 60, 49, 13, 73, 41, 82, 15, 39, 23, 1, 1, 49, 13, 86, 33, 100, 69, 2, 58, 43, 41, 17, 99, 94, 27, 17, 100, 29, 64, 72, 45, 2, 91, 80, 99, 77, 37, 50, 54, 22, 97, 12, 3, 19, 58, 35, 44, 41, 60, 37, 22, 41, 26, 54, 64, 69, 62, 39, 47, 99, 7, 33, 2, 89, 82, 80, 8, 11, 25, 97, 49, 41, 69, 73, 72, 6, 59, 16,
4, 6, 96, 68, 57, 28, 11, 38, 31, 79, 32, 42, 6, 79, 35, 63, 59, 24, 27, 25, 19, 18, 11, 7, 16, 44, 81, 37, 33, 20, 15, 56, 54, 82, 89, 59, 59, 4, 33, 69, 63, 38, 24, 20, 74, 77, 75, 4, 83, 17, 16, 83, 29, 33, 36, 81, 2, 55, 56, 54, 79, 1, 72, 86, 88, 52, 94, 37, 95, 20, 54, 49, 79, 27, 30, 45, 10, 10,
68, 55, 82, 47, 22, 82, 5, 26, 14, 14, 71, 95, 60, 89, 98, 66, 47, 66, 100, 71, 75, 48, 75, 64, 17, 91, 23, 96, 70, 35, 84, 44, 45, 14, 93, 71, 74, 92, 42, 6, 65, 12, 55, 84, 58, 33, 51, 100, 11, 21, 86, 12, 9, 64, 4, 33, 28, 94, 31, 20, 66, 98, 16, 67, 34, 50, 2, 79, 31, 17, 49, 18, 30, 19, 14, 71, 53,
80, 73, 85, 7, 39, 48, 60, 26, 58, 47, 63, 25, 7, 76, 18, 65, 78, 59, 56, 24, 3, 32, 69, 44, 35, 52, 91, 88, 88, 51, 70, 86, 84, 23, 94, 36, 1, 57, 79, 60, 2, 27, 43, 65, 72, 52, 60, 30, 95, 15, 64, 49, 7, 35, 90, 87, 66, 52, 66, 44, 22, 88, 78, 97, 61, 52, 67, 57, 12, 41, 15, 4, 96, 97, 43, 53,
48, 67, 57, 63, 4, 57, 22, 27, 48, 100, 27, 98, 63, 78, 20, 72, 8, 34, 11, 24, 31, 73, 34, 16, 15, 56, 93, 33, 35, 8, 48, 5, 93, 86, 43, 77, 99, 68, 79, 93, 95, 72, 50, 60, 4, 99, 3, 38, 59, 44, 75, 71, 73, 20, 81, 99, 4, 61, 17, 4, 73, 13, 88, 50, 65, 6, 58, 18, 66, 85, 7, 10, 24, 99, 61,
79, 10, 26, 30, 4, 88, 58, 23, 25, 27, 32, 32, 97, 86, 77, 67, 60, 66, 71, 20, 23, 6, 62, 48, 29, 76, 11, 98, 20, 30, 10, 61, 20, 84, 78, 34, 23, 13, 45, 57, 74, 76, 43, 17, 2, 78, 60, 55, 64, 82, 74, 51, 28, 27, 56, 38, 1, 86, 6, 65, 8, 9, 97, 43, 42, 20, 1, 62, 81, 95, 42, 69, 90, 78,
65, 86, 8, 49, 27, 46, 20, 86, 45, 94, 46, 92, 95, 66, 13, 57, 57, 86, 57, 7, 26, 76, 26, 24, 18, 5, 63, 27, 5, 84, 62, 47, 90, 19, 18, 46, 83, 72, 67, 59, 41, 72, 38, 40, 8, 73, 95, 44, 100, 7, 27, 84, 79, 50, 31, 14, 17, 37, 3, 39, 38, 21, 6, 36, 53, 50, 93, 65, 21, 83, 99, 59, 82,
94, 96, 63, 44, 5, 48, 2, 49, 98, 24, 48, 89, 11, 55, 18, 95, 73, 92, 67, 78, 58, 27, 85, 24, 71, 27, 68, 100, 97, 76, 30, 11, 98, 22, 47, 29, 94, 69, 63, 76, 8, 48, 5, 97, 63, 24, 97, 37, 27, 65, 53, 4, 19, 26, 17, 20, 66, 72, 99, 11, 85, 22, 57, 4, 92, 84, 100, 38, 29, 86, 49, 26,
53, 22, 98, 86, 68, 19, 63, 43, 50, 100, 16, 4, 49, 38, 12, 92, 24, 73, 86, 55, 32, 81, 73, 37, 46, 34, 65, 12, 9, 53, 99, 89, 82, 75, 29, 79, 58, 19, 99, 21, 87, 30, 42, 70, 37, 81, 65, 69, 14, 34, 4, 79, 37, 72, 61, 27, 48, 72, 24, 18, 19, 94, 11, 63, 13, 58, 32, 55, 19, 54, 79,
10, 53, 24, 81, 45, 94, 94, 98, 46, 45, 58, 49, 7, 73, 58, 85, 47, 6, 12, 77, 27, 49, 63, 84, 94, 85, 56, 92, 77, 98, 69, 10, 33, 86, 90, 41, 29, 31, 63, 8, 89, 3, 48, 14, 50, 66, 74, 1, 92, 27, 98, 75, 22, 86, 79, 99, 64, 40, 67, 11, 84, 69, 13, 61, 32, 62, 69, 16, 9, 86,
60, 74, 40, 97, 94, 52, 64, 64, 58, 29, 10, 9, 64, 25, 20, 93, 58, 89, 55, 24, 40, 14, 60, 2, 19, 55, 25, 92, 42, 62, 92, 74, 66, 91, 6, 96, 95, 93, 99, 23, 93, 81, 38, 5, 37, 81, 58, 22, 81, 22, 4, 73, 100, 1, 22, 49, 33, 92, 30, 21, 52, 56, 51, 42, 19, 21, 88, 45, 20,
23, 21, 23, 13, 59, 27, 59, 11, 58, 62, 43, 54, 2, 9, 22, 6, 69, 40, 34, 27, 51, 11, 41, 38, 29, 66, 14, 31, 91, 10, 64, 77, 4, 60, 50, 8, 65, 37, 66, 19, 90, 1, 80, 61, 47, 49, 13, 74, 58, 1, 73, 82, 45, 79, 90, 21, 1, 54, 16, 76, 34, 49, 96, 68, 27, 48, 47, 88,
75, 88, 95, 56, 89, 92, 94, 84, 15, 58, 78, 64, 59, 89, 23, 30, 59, 14, 81, 11, 95, 56, 51, 9, 96, 48, 92, 81, 93, 100, 47, 85, 64, 52, 4, 86, 36, 75, 77, 49, 20, 61, 59, 46, 72, 41, 85, 26, 11, 89, 29, 67, 76, 5, 78, 90, 21, 56, 83, 55, 12, 44, 13, 86, 1, 28, 36,
63, 42, 98, 31, 56, 49, 25, 69, 22, 68, 34, 72, 68, 52, 26, 48, 9, 86, 69, 34, 40, 69, 7, 51, 86, 47, 85, 60, 55, 53, 82, 80, 28, 56, 90, 79, 21, 73, 6, 10, 34, 86, 29, 35, 55, 93, 38, 96, 25, 49, 87, 30, 64, 2, 82, 6, 39, 74, 34, 66, 55, 16, 46, 83, 49, 84,
68, 72, 70, 12, 1, 69, 27, 17, 44, 9, 81, 67, 59, 23, 88, 50, 28, 92, 34, 59, 86, 24, 43, 97, 56, 61, 67, 24, 80, 31, 5, 51, 63, 80, 12, 20, 88, 98, 51, 97, 36, 11, 12, 72, 44, 94, 36, 7, 27, 16, 98, 95, 96, 78, 92, 7, 87, 16, 22, 16, 70, 27, 22, 81, 68,
44, 97, 13, 82, 54, 55, 38, 59, 93, 94, 77, 71, 69, 58, 81, 31, 41, 23, 86, 2, 69, 37, 81, 29, 21, 38, 80, 64, 22, 85, 85, 6, 75, 62, 4, 100, 31, 97, 98, 23, 26, 67, 89, 94, 31, 13, 64, 22, 49, 40, 52, 8, 35, 58, 47, 7, 29, 82, 61, 56, 33, 7, 33, 29,
55, 89, 39, 92, 100, 25, 29, 4, 89, 69, 99, 42, 90, 77, 73, 91, 31, 19, 65, 60, 94, 26, 50, 74, 63, 97, 89, 5, 29, 20, 24, 50, 76, 8, 3, 80, 81, 53, 66, 45, 46, 87, 96, 27, 28, 66, 29, 16, 78, 25, 36, 25, 50, 35, 94, 94, 20, 83, 1, 71, 23, 33, 24,
3, 1, 89, 47, 76, 2, 66, 14, 51, 74, 15, 25, 23, 27, 48, 5, 18, 82, 92, 67, 30, 4, 56, 100, 85, 63, 33, 71, 36, 33, 64, 20, 95, 67, 33, 68, 47, 50, 6, 86, 16, 72, 72, 18, 72, 65, 66, 97, 67, 93, 97, 24, 25, 77, 69, 87, 34, 43, 56, 70, 28, 99,
87, 68, 53, 64, 55, 69, 13, 51, 32, 64, 23, 77, 35, 27, 65, 83, 98, 47, 64, 17, 49, 59, 77, 51, 50, 7, 13, 100, 83, 13, 26, 32, 57, 87, 27, 66, 40, 26, 66, 91, 85, 45, 10, 32, 1, 98, 7, 53, 50, 61, 12, 62, 82, 96, 88, 36, 43, 66, 72, 99, 34,
24, 44, 53, 36, 80, 31, 1, 88, 50, 58, 87, 86, 84, 30, 18, 86, 8, 90, 44, 20, 52, 80, 44, 54, 10, 33, 59, 73, 29, 96, 65, 82, 5, 81, 14, 34, 70, 57, 36, 42, 38, 100, 12, 16, 26, 64, 37, 62, 35, 59, 95, 98, 22, 11, 62, 97, 23, 70, 80, 23,
20, 56, 69, 61, 63, 65, 99, 89, 67, 5, 88, 93, 34, 87, 65, 68, 18, 24, 53, 26, 86, 98, 79, 54, 43, 84, 58, 62, 24, 56, 58, 44, 20, 28, 48, 16, 12, 29, 53, 47, 2, 71, 69, 86, 65, 24, 66, 53, 88, 56, 35, 93, 81, 95, 31, 49, 76, 64, 34,
24, 53, 51, 25, 72, 88, 40, 100, 71, 62, 22, 45, 69, 74, 81, 69, 79, 27, 94, 84, 68, 82, 75, 99, 71, 73, 87, 74, 61, 8, 70, 31, 53, 70, 43, 85, 95, 57, 34, 46, 84, 46, 3, 86, 12, 36, 7, 39, 70, 56, 76, 27, 68, 42, 25, 17, 40, 25,
38, 6, 14, 41, 21, 72, 91, 37, 24, 1, 8, 15, 43, 9, 24, 50, 36, 64, 79, 9, 28, 70, 12, 47, 60, 82, 88, 31, 39, 86, 8, 4, 1, 30, 99, 12, 25, 52, 74, 23, 95, 77, 52, 33, 10, 31, 8, 56, 73, 100, 91, 34, 80, 46, 10, 56, 20,
97, 11, 34, 14, 38, 99, 47, 52, 77, 25, 57, 68, 15, 85, 76, 28, 30, 87, 43, 39, 87, 11, 63, 61, 95, 78, 59, 50, 16, 96, 29, 33, 69, 34, 54, 58, 75, 73, 56, 76, 20, 85, 44, 78, 85, 45, 75, 1, 29, 34, 16, 10, 87, 28, 47, 31,
35, 35, 55, 18, 55, 87, 92, 46, 19, 41, 3, 95, 11, 16, 30, 70, 12, 72, 52, 45, 47, 33, 34, 80, 95, 92, 77, 17, 5, 40, 6, 39, 21, 71, 76, 72, 75, 83, 9, 64, 38, 63, 69, 24, 22, 90, 25, 95, 83, 86, 58, 65, 27, 87, 44,
56, 42, 22, 37, 62, 47, 98, 27, 48, 76, 23, 64, 30, 12, 12, 16, 98, 73, 39, 48, 56, 58, 39, 24, 9, 47, 55, 78, 88, 9, 36, 38, 87, 71, 34, 13, 50, 93, 93, 61, 43, 4, 87, 71, 22, 34, 3, 31, 37, 75, 64, 95, 37, 51,
7, 10, 84, 32, 53, 35, 4, 32, 56, 15, 89, 65, 40, 46, 38, 43, 2, 100, 26, 55, 75, 81, 44, 31, 8, 90, 62, 5, 46, 95, 98, 87, 81, 4, 2, 10, 41, 7, 52, 28, 52, 42, 16, 44, 26, 36, 54, 59, 5, 9, 88, 82, 34,
58, 80, 100, 22, 88, 16, 81, 79, 28, 43, 45, 52, 31, 46, 47, 32, 39, 35, 55, 34, 49, 53, 34, 85, 86, 81, 24, 14, 41, 94, 52, 83, 76, 43, 20, 73, 26, 21, 71, 15, 99, 81, 45, 25, 14, 27, 65, 29, 81, 46, 69, 7,
99, 73, 49, 1, 11, 35, 99, 69, 92, 15, 68, 34, 64, 65, 56, 68, 68, 43, 37, 15, 12, 49, 5, 98, 23, 16, 91, 72, 39, 93, 76, 11, 5, 65, 2, 61, 32, 19, 80, 18, 11, 51, 52, 13, 49, 18, 71, 44, 84, 14, 88,
27, 81, 50, 77, 48, 57, 38, 86, 54, 86, 96, 81, 35, 55, 56, 92, 68, 54, 77, 92, 8, 3, 46, 27, 47, 36, 99, 3, 49, 40, 98, 38, 2, 44, 9, 9, 100, 16, 23, 48, 93, 13, 27, 100, 59, 62, 45, 44, 79, 24,
45, 15, 29, 28, 53, 38, 89, 47, 41, 68, 53, 69, 10, 67, 10, 5, 74, 2, 4, 84, 7, 12, 65, 39, 16, 36, 47, 1, 59, 47, 2, 15, 32, 40, 77, 36, 78, 59, 30, 33, 100, 16, 25, 32, 74, 39, 86, 89, 62,
93, 75, 19, 18, 87, 48, 69, 74, 66, 40, 38, 6, 25, 69, 58, 28, 14, 20, 85, 86, 84, 50, 61, 39, 91, 100, 65, 44, 69, 54, 24, 27, 11, 87, 96, 75, 40, 6, 17, 34, 22, 98, 58, 60, 24, 53, 2, 60,
74, 88, 90, 67, 42, 61, 55, 79, 78, 36, 9, 25, 31, 38, 2, 87, 20, 36, 90, 13, 46, 25, 18, 95, 77, 98, 37, 22, 98, 25, 47, 29, 33, 65, 67, 92, 19, 86, 49, 79, 21, 93, 83, 46, 20, 79, 44,
8, 30, 30, 12, 35, 18, 96, 99, 1, 68, 6, 10, 85, 56, 1, 87, 76, 53, 47, 76, 30, 76, 91, 96, 2, 22, 84, 32, 79, 100, 4, 26, 59, 35, 17, 34, 56, 25, 20, 97, 58, 89, 62, 46, 70, 15,
67, 10, 45, 1, 56, 79, 9, 59, 2, 45, 90, 66, 58, 86, 70, 75, 40, 60, 80, 30, 4, 67, 49, 27, 51, 26, 15, 95, 71, 57, 96, 96, 38, 36, 98, 86, 46, 19, 18, 55, 4, 71, 73, 87, 13,
97, 79, 24, 64, 93, 22, 13, 26, 77, 52, 16, 88, 55, 34, 19, 79, 55, 60, 87, 14, 89, 16, 21, 97, 79, 61, 91, 87, 78, 92, 56, 100, 39, 93, 100, 29, 10, 49, 47, 79, 16, 60, 45, 16,
36, 23, 37, 76, 58, 78, 85, 29, 23, 25, 35, 27, 84, 39, 81, 39, 22, 67, 38, 23, 50, 33, 34, 12, 74, 89, 34, 39, 90, 48, 88, 13, 79, 8, 11, 54, 33, 95, 56, 84, 37, 38, 8,
58, 53, 30, 38, 1, 79, 28, 95, 53, 80, 48, 45, 64, 59, 4, 94, 37, 49, 90, 100, 4, 39, 5, 70, 23, 62, 51, 39, 96, 81, 14, 93, 59, 100, 81, 55, 38, 24, 16, 11, 32, 15,
82, 67, 79, 77, 70, 46, 37, 28, 74, 83, 66, 60, 24, 45, 38, 70, 40, 47, 35, 7, 51, 18, 92, 78, 45, 35, 36, 11, 97, 13, 90, 95, 20, 81, 17, 23, 67, 45, 62, 11, 31,
56, 19, 4, 74, 73, 22, 96, 30, 84, 44, 98, 16, 30, 98, 43, 87, 95, 69, 4, 65, 8, 47, 15, 73, 37, 48, 78, 50, 91, 19, 40, 95, 19, 48, 38, 13, 12, 96, 75, 57,
63, 6, 29, 48, 76, 15, 83, 80, 82, 36, 100, 95, 32, 68, 60, 4, 41, 81, 55, 66, 68, 54, 40, 22, 49, 58, 92, 13, 66, 94, 68, 25, 68, 75, 34, 85, 100, 3, 28,
47, 2, 77, 1, 13, 66, 96, 30, 38, 75, 36, 54, 98, 27, 18, 74, 93, 60, 30, 5, 84, 27, 46, 17, 34, 34, 41, 70, 28, 18, 45, 38, 62, 50, 38, 7, 99, 62,
55, 11, 100, 91, 34, 36, 78, 90, 88, 26, 29, 91, 28, 11, 26, 98, 21, 28, 26, 47, 47, 86, 35, 44, 1, 61, 99, 55, 82, 85, 8, 11, 85, 25, 31, 19, 85,
54, 47, 77, 90, 66, 85, 14, 35, 45, 84, 57, 8, 17, 16, 75, 68, 35, 48, 15, 38, 49, 26, 70, 47, 94, 86, 87, 65, 68, 8, 3, 51, 49, 52, 66, 35,
12, 98, 99, 41, 39, 76, 33, 29, 44, 89, 99, 87, 88, 34, 95, 18, 97, 93, 40, 97, 70, 61, 83, 8, 5, 37, 86, 15, 2, 63, 22, 31, 10, 81, 81,
84, 34, 49, 1, 54, 86, 48, 94, 73, 59, 73, 89, 28, 52, 7, 31, 41, 33, 92, 53, 92, 100, 63, 18, 46, 83, 20, 69, 99, 26, 94, 84, 69, 72,
100, 74, 20, 11, 86, 33, 1, 93, 23, 10, 60, 26, 40, 67, 69, 13, 77, 70, 33, 49, 16, 62, 48, 34, 74, 4, 59, 79, 28, 90, 10, 27, 68,
37, 42, 26, 54, 7, 5, 85, 17, 65, 80, 9, 47, 29, 82, 48, 86, 11, 100, 91, 64, 9, 82, 63, 84, 33, 78, 28, 43, 68, 42, 43, 9,
65, 73, 95, 54, 46, 50, 5, 90, 45, 53, 86, 75, 98, 59, 28, 73, 39, 47, 33, 12, 86, 58, 44, 12, 67, 34, 71, 55, 75, 4, 92,
6, 87, 43, 40, 37, 79, 49, 56, 51, 79, 84, 49, 30, 17, 100, 82, 80, 40, 79, 35, 23, 20, 23, 3, 60, 17, 62, 47, 83, 70,
93, 95, 100, 91, 58, 5, 75, 100, 71, 43, 27, 54, 80, 80, 81, 97, 66, 89, 6, 36, 79, 99, 38, 72, 80, 10, 46, 90, 60,
88, 16, 32, 73, 67, 64, 42, 73, 18, 70, 37, 38, 47, 83, 16, 4, 13, 43, 92, 2, 10, 50, 49, 6, 31, 22, 30, 56,
67, 17, 91, 13, 89, 88, 37, 18, 34, 61, 34, 7, 90, 12, 31, 30, 4, 48, 66, 47, 86, 22, 79, 62, 69, 90, 99,
35, 61, 95, 99, 17, 58, 43, 68, 1, 27, 67, 49, 83, 92, 33, 53, 56, 1, 78, 23, 57, 61, 36, 21, 28, 56,
68, 11, 34, 11, 90, 75, 66, 54, 36, 94, 88, 40, 48, 29, 89, 18, 41, 68, 77, 31, 94, 39, 99, 95, 24,
47, 61, 63, 30, 17, 89, 91, 75, 84, 36, 100, 78, 55, 97, 85, 9, 52, 14, 88, 40, 41, 10, 8, 75,
89, 30, 93, 54, 42, 8, 32, 98, 56, 9, 45, 84, 65, 8, 59, 18, 26, 55, 77, 68, 51, 71, 55,
61, 36, 39, 17, 85, 30, 7, 35, 46, 65, 17, 34, 16, 4, 38, 52, 42, 53, 58, 45, 63, 33,
37, 54, 74, 32, 97, 51, 41, 80, 38, 98, 44, 35, 34, 14, 93, 87, 48, 31, 94, 6, 63,
86, 98, 48, 40, 59, 5, 10, 19, 69, 99, 51, 36, 85, 4, 12, 65, 10, 71, 74, 61,
47, 19, 91, 93, 2, 11, 96, 47, 92, 84, 82, 84, 62, 56, 25, 20, 36, 94, 1,
58, 28, 6, 45, 55, 53, 71, 83, 43, 96, 75, 70, 59, 28, 62, 84, 49, 43,
84, 67, 31, 58, 96, 66, 44, 85, 84, 21, 70, 69, 85, 79, 36, 92, 4,
62, 2, 27, 42, 83, 24, 93, 55, 21, 47, 20, 91, 61, 40, 46, 15,
22, 90, 95, 80, 86, 25, 42, 72, 14, 62, 46, 88, 75, 26, 65,
7, 20, 90, 30, 14, 93, 43, 96, 46, 80, 62, 48, 60, 72,
27, 30, 3, 88, 88, 58, 3, 22, 43, 81, 38, 76, 73,
40, 83, 63, 68, 44, 99, 51, 49, 57, 17, 88, 1,
8, 62, 68, 25, 29, 76, 41, 49, 85, 45, 67,
32, 16, 26, 44, 98, 64, 39, 91, 58, 50,
9, 63, 65, 5, 83, 7, 77, 77, 88,
53, 12, 94, 14, 90, 40, 18, 91,
42, 7, 28, 39, 22, 88, 98,
40, 26, 69, 59, 21, 84,
21, 10, 99, 9, 25,
10, 85, 46, 74,
12, 32, 96,
40, 68,
93